|FICHEROS;
     maempr10 #200;
     isom0000 #100;
     maempr11 #201;
     isow0010 #906;
|FIN;

|VARIABLES;
     nCampoD        = 0;
     nCampoH        = 0;
     nVentana       = 0;

     aAlfa          = "";

     {-1}aVent      = "";
         aVent1     = 0;
         aVent2     = 0;
         aVent3     = 0;
         aVent4     = 0;
         aVent5     = "";

     &enEmpresa      = 0;
     &enAnyo         = 0;
     &enModoConsulta = 0;
     &enSaltaError   = 0;
|FIN;

|PROCESO Tipo12;  |TIPO 12;
|FPRC;

|PROCESO Tipo80;  |TIPO 80;
     FSalida = 1999;
|FPRC;

|PROGRAMA;
     |HAZ SaltaError;

     |ABRE #200;
     #200#0 = enEmpresa;
     #200#1 = enAnyo;
     |LEE 000#200=;
     |SI FSalida ! 0;  |DDEFECTO #200;  |FINSI;
     |CIERRA #200;

     |ABRE #201;
     #201#0 = enEmpresa;
     #201#1 = enAnyo;
     #201#2 = 29;
     |LEE 040#201=;
     |SI FSalida ! 0;
         |MENAV "     La Empresa no tiene activada el Caracter de la declaracion 29";
         |CIERRA #201;

         |SI enSaltaError = 0;  |ACABA;  |FINSI;
     |FINSI;
     |CIERRA #201;

     |SI enAnyo ] 2011;
         |MENAV "0000Apartado desactivado. Se activar  en la versi¢n definitiva.";

         |SI enSaltaError = 0;  |ACABA;  |FINSI;
     |FINSI;

     aAlfa = "";
     |SI enModoConsulta = 1;
         aAlfa = "(MODO CONSULTA)   ";
     |FINSI;

     aAlfa =  aAlfa + "R‚gimen especial reserva inversiones Canarias (" + (("00000" + #200#0) % -105) + " / " + #200#1 + " " + #200#2;
     |QBF aAlfa;
     aAlfa = aAlfa + ")";
     |VENTANA 0501, 1999, -1, 16, aAlfa;
     nVentana = FSalida;

     aVent1 = -1;
     aVent2 = -1;
     aVent3 = 0;
     aVent4 = nVentana;
     aVent5 = "MODAL";
     |ESPECIFICA "ESTADO_VENTANA", aVent;

     |SI enModoConsulta = 1;
         |ABRE #100;
         #100#0 = enEmpresa;
         #100#1 = enAnyo;
         |LEE 101#100=;
         |SI FSalida ! 0;   |DDEFECTO #100;  |FINSI;
         |CIERRA #100;

         #906#0  = #100#62;
         #906#1  = #100#63;
         #906#2  = #100#64;
         #906#3  = #100#66;
         #906#4  = #100#67;
         #906#5  = #100#68;
         #906#6  = #100#69;
         #906#7  = #100#70;
         #906#8  = #100#71;
         #906#9  = #100#72;
         #906#10 = #100#73;
         #906#11 = #100#74;
         #906#12 = #100#75;
         #906#13 = #100#76;
         #906#14 = #100#77;
         #906#15 = #100#106;
         #906#16 = #100#107;
         #906#17 = #100#108;
         #906#18 = #100#109;
         #906#19 = #100#78;
         #906#20 = #100#79;

         |PINPA #0#906;
         |PINDA #0#906;
         |PAUSA;

         aVent1 = -1;
         aVent2 = -1;
         aVent3 = 0;
         aVent4 = nVentana;
         aVent5 = "MODELESS";
         |ESPECIFICA "ESTADO_VENTANA", aVent;

         |PULSATECLA;

         |FINVENTANA nVentana;

         |ACABA;
     |FINSI;

     |ABRE #100;
     #100#0 = enEmpresa;
     #100#1 = enAnyo;
     |LEE 101#100=;
     |SI FSalida ! 0;
         |DDEFECTO #100;
         #100#0 = enEmpresa;
         #100#1 = enAnyo;
         |GRABA 020#100b;
     |FINSI;

     #906#0  = #100#62;
     #906#1  = #100#63;
     #906#2  = #100#64;
     #906#3  = #100#66;
     #906#4  = #100#67;
     #906#5  = #100#68;
     #906#6  = #100#69;
     #906#7  = #100#70;
     #906#8  = #100#71;
     #906#9  = #100#72;
     #906#10 = #100#73;
     #906#11 = #100#74;
     #906#12 = #100#75;
     #906#13 = #100#76;
     #906#14 = #100#77;
     #906#15 = #100#106;
     #906#16 = #100#107;
     #906#17 = #100#108;
     #906#18 = #100#109;
     #906#19 = #100#78;
     #906#20 = #100#79;

     |PINPA #0#906;
     |PINDA #0#906;
     |ENDATOS #1#906;
     |SI FSalida = 0;
         #100#62  = #906#0;
         #100#63  = #906#1;
         #100#64  = #906#2;
         #100#66  = #906#3;
         #100#67  = #906#4;
         #100#68  = #906#5;
         #100#69  = #906#6;
         #100#70  = #906#7;
         #100#71  = #906#8;
         #100#72  = #906#9;
         #100#73  = #906#10;
         #100#74  = #906#11;
         #100#75  = #906#12;
         #100#76  = #906#13;
         #100#77  = #906#14;
         #100#106 = #906#15;
         #100#107 = #906#16;
         #100#108 = #906#17;
         #100#109 = #906#18;
         #100#78  = #906#19;
         #100#79  = #906#20;
         |GRABA 020#100a;
     |FINSI;

     |LIBERA #100;
     |CIERRA #100;

     aVent1 = -1;
     aVent2 = -1;
     aVent3 = 0;
     aVent4 = nVentana;
     aVent5 = "MODELESS";
     |ESPECIFICA "ESTADO_VENTANA", aVent;

     |PULSATECLA;

     |FINVENTANA nVentana;
|FPRO;
