|FICHEROS;
     maempr10 #200;
     isom0000 #100;
     maempr11 #201;
     isow0012 #912;
|FIN;

|VARIABLES;
     nCampoD        = 0;
     nCampoH        = 0;
     nVentana       = 0;

     aAlfa          = "";

     {-1}aVent      = "";
         aVent1     = 0;
         aVent2     = 0;
         aVent3     = 0;
         aVent4     = 0;
         aVent5     = "";

     &enEmpresa      = 0;
     &enAnyo         = 0;
     &enModoConsulta = 0;
     &enSaltaError   = 0;
|FIN;

|PROCESO Tipo12;  |TIPO 12;
|FPRC;

|PROCESO Tipo80;  |TIPO 80;
     FSalida = 1999;
|FPRC;

|PROGRAMA;
     |HAZ SaltaError;

     |ABRE #200;
     #200#0 = enEmpresa;
     #200#1 = enAnyo;
     |LEE 000#200=;
     |SI FSalida ! 0;  |DDEFECTO #200;  |FINSI;
     |CIERRA #200;

     |ABRE #201;
     #201#0 = enEmpresa;
     #201#1 = enAnyo;
     #201#2 = 29;
     |LEE 040#201=;
     |SI FSalida ! 0;
         |MENAV "     La Empresa no tiene activada el Caracter de la declaracion 29";
         |CIERRA #201;

         |SI enSaltaError = 0;  |ACABA;  |FINSI;
     |FINSI;
     |CIERRA #201;

     aAlfa = "";
     |SI enModoConsulta = 1;
         aAlfa = "(MODO CONSULTA)   ";
     |FINSI;

     aAlfa =  aAlfa + "R‚gimen especial reserva inversiones Canarias (" + (("00000" + #200#0) % -105) + " / " + #200#1 + " " + #200#2;
     |QBF aAlfa;
     aAlfa = aAlfa + ")";
     |VENTANA 0501, 1999, -1, 16, aAlfa;
     nVentana = FSalida;

     aVent1 = -1;
     aVent2 = -1;
     aVent3 = 0;
     aVent4 = nVentana;
     aVent5 = "MODAL";
     |ESPECIFICA "ESTADO_VENTANA", aVent;

     |SI enModoConsulta = 1;
         |ABRE #100;
         #100#0 = enEmpresa;
         #100#1 = enAnyo;
         |LEE 101#100=;
         |SI FSalida ! 0;   |DDEFECTO #100;  |FINSI;
         |CIERRA #100;

         #912#0  = #100#66;
         #912#1  = #100#67;
         #912#2  = #100#68;
         #912#3  = #100#70;
         #912#4  = #100#71;
         #912#5  = #100#72;
         #912#6  = #100#73;
         #912#7  = #100#74;
         #912#8  = #100#75;
         #912#9  = #100#76;
         #912#10 = #100#77;
         #912#11 = #100#106;
         #912#12 = #100#107;
         #912#13 = #100#108;
         #912#14 = #100#109;
         #912#15 = #100#112;
         #912#16 = #100#113;
         #912#17 = #100#114;
         #912#18 = #100#115;
         #912#19 = #100#78;
         #912#20 = #100#79;

         |PINPA #0#912;
         |PINDA #0#912;
         |PAUSA;

         aVent1 = -1;
         aVent2 = -1;
         aVent3 = 0;
         aVent4 = nVentana;
         aVent5 = "MODELESS";
         |ESPECIFICA "ESTADO_VENTANA", aVent;

         |PULSATECLA;

         |FINVENTANA nVentana;

         |ACABA;
     |FINSI;

     |ABRE #100;
     #100#0 = enEmpresa;
     #100#1 = enAnyo;
     |LEE 101#100=;
     |SI FSalida ! 0;
         |DDEFECTO #100;
         #100#0 = enEmpresa;
         #100#1 = enAnyo;
         |GRABA 020#100b;
     |FINSI;

     #912#0  = #100#66;
     #912#1  = #100#67;
     #912#2  = #100#68;
     #912#3  = #100#70;
     #912#4  = #100#71;
     #912#5  = #100#72;
     #912#6  = #100#73;
     #912#7  = #100#74;
     #912#8  = #100#75;
     #912#9  = #100#76;
     #912#10 = #100#77;
     #912#11 = #100#106;
     #912#12 = #100#107;
     #912#13 = #100#108;
     #912#14 = #100#109;
     #912#15 = #100#112;
     #912#16 = #100#113;
     #912#17 = #100#114;
     #912#18 = #100#115;
     #912#19 = #100#78;
     #912#20 = #100#79;

     |PINPA #0#912;
     |PINDA #0#912;
     |ENDATOS #1#912;
     |SI FSalida = 0;
         #100#66  = #912#0;
         #100#67  = #912#1;
         #100#68  = #912#2;
         #100#70  = #912#3;
         #100#71  = #912#4;
         #100#72  = #912#5;
         #100#73  = #912#6;
         #100#74  = #912#7;
         #100#75  = #912#8;
         #100#76  = #912#9;
         #100#77  = #912#10;
         #100#106 = #912#11;
         #100#107 = #912#12;
         #100#108 = #912#13;
         #100#109 = #912#14;
         #100#112 = #912#15;
         #100#113 = #912#16;
         #100#114 = #912#17;
         #100#115 = #912#18;
         #100#78  = #912#19;
         #100#79  = #912#20;

         |GRABA 020#100a;
     |FINSI;

     |LIBERA #100;
     |CIERRA #100;

     aVent1 = -1;
     aVent2 = -1;
     aVent3 = 0;
     aVent4 = nVentana;
     aVent5 = "MODELESS";
     |ESPECIFICA "ESTADO_VENTANA", aVent;

     |PULSATECLA;

     |FINVENTANA nVentana;
|FPRO;
