|FICHEROS;
     agifigen #0;
     agiconpa #11;
     agiw0005 #12;
     agiw0006 #13;
     agiw0007 #14;
     agiw0008 #15;
     agiw0014 #16;
     agiw0023 #23;
     agiw0017 #17;
     agiw0031 #31;
|FIN;

|PROCESO cuadro_f; |TIPO 7;
     |PUSHV 0501 2380;
     |CUADRO 1446 2280;
     |ATRI R;
     |PINTA 1547, " R1.- Desde        R.E.O. a RENTA";
     |PINTA 1647, " R2.- Desde Arrend.R.E.O. a RENTA";
     |PINTA 1747, " M1.- Desde AGINOM1 a MINUTACION ";
     |PINTA 1847, " M2.- Desde R.E.O.  a MINUTACION ";
     |PINTA 1947, " I1.- Desde AGICONT a SOCIEDADES ";
     |PINTA 2047, " C1.- Desde AGINOM1 a AGICONT    ";
     |PINTA 2147, " E1.- Desde AGINOM1 a R.E.O.     ";
|FPRC;

|PROCESO PantaR1;
     |PUSHV 0501 2380;
     |PINDA #0#11;
     |PINPA #0#12;

     |SI #11#5 = 0; #11#5 = #0#0; |FINSI;

     #12#0 = #11#5;
     #12#1 = #11#6;
     #12#2 = #11#7;
     #12#3 = #11#11;

     |PINDA #0#12;
     |ENDATOS #1#12;
     |SI FSalida = 0;
         #11#5  = #12#0;
         #11#6  = #12#1;
         #11#7  = #12#2;
         #11#11 = #12#3;
     |FINSI;

     |POPV;
|FPRC;

|PROCESO PantaR2;
     |PUSHV 0501 2380;
     |PINDA #0#11;
     |PINPA #0#23;

     |SI #11#5 = 0; #11#5 = #0#0; |FINSI;

     |SI #11#17 = 0; #11#17 = 99; |FINSI;

     #23#0 = #11#5;     || Declarante
     #23#1 = #11#6;     || Actividad
     #23#2 = #11#17;    || Linea Inmueble
     #23#3 = #11#11;    || Titular o Conyuge

     |PINDA #0#23;
     |ENDATOS #1#23;
     |SI FSalida = 0;
         #11#5  = #23#0;
         #11#6  = #23#1;
         #11#11 = #23#3;
         #11#17 = #23#2;
     |FINSI;

     |POPV;
|FPRC;

|PROCESO PantaM1;
     |PUSHV 0501 2380;
     |PINDA #0#11;
     |PINPA #0#13;

     |SI #11#5 = 0; #11#5 = #0#0; |FINSI;

     #13#0 = #11#5;
     #13#1 = #11#10;
     #13#2 = #11#8;
     #13#3 = #11#9;

     |PINDA #0#13;
     |ENDATOS #1#13;
     |SI FSalida = 0;
         #11#5  = #13#0;
         #11#8  = #13#2;
         #11#9  = #13#3;
         #11#10 = #13#1;
     |FINSI;

     |POPV;
|FPRC;

|PROCESO PantaM2;
     |PUSHV 0501 2380;
     |PINDA #0#11;
     |PINPA #0#14;

     |SI #11#5 = 0; #11#5 = #0#0; |FINSI;

     #14#0 = #11#11;
     #14#1 = #11#13;
     #14#2 = #11#14;
     #14#3 = #11#12;
     #14#4 = #11#15;
     #14#5 = #11#16;
     #14#6 = #11#5;

     |PINDA #0#14;
     |ENDATOS #1#14;
     |SI FSalida = 0;
         #11#11 = #14#0;
         #11#12 = #14#3;
         #11#13 = #14#1;
         #11#14 = #14#2;
         #11#15 = #14#4;
         #11#16 = #14#5;
         #11#5  = #14#6;
     |FINSI;

     |POPV;
|FPRC;

|PROCESO PantaI1;
     |PUSHV 0501 2380;
     |PINDA #0#11;
     |PINPA #0#15;

     |SI #11#5 = 0; #11#5 = #0#0; |FINSI;

     #15#0 = #11#17;
     #15#1 = #11#18;
     #15#2 = #11#5;

     |PINDA #0#15;
     |ENDATOS #1#15;
     |SI FSalida = 0;
         #11#17 = #15#0;
         #11#18 = #15#1;
         #11#5  = #15#2;
     |FINSI;

     |POPV;
|FPRC;

|PROCESO PantaC1;
     |PUSHV 0501 2380;
     |PINDA #0#11;
     |PINPA #0#16;

     #16#0 = #11#5;
     #16#1 = #11#6;

     |PINDA #0#16;
     |ENDATOS #1#16;
     |SI FSalida = 0;
         #11#5 = #16#0;
         #11#6 = #16#1;
     |FINSI;

     |POPV;
|FPRC;

|PROCESO PantaE1;
     |PUSHV 0501 2380;
     |PINDA #0#17;
     |PINPA #0#17;

     #17#0 = #11#5;
     #17#1 = #11#6;

     |PINDA #0#17;
     |ENDATOS #1#17;
     |SI FSalida = 0;
         #11#5 = #17#0;
         #11#6 = #17#1;
     |FINSI;

     |POPV;
|FPRC;

|PROCESO tipo_a; |TIPO 0;
     |POPV;

     |SI #11#2 = "R1";
         #11#3 = "R.E.O.";       #11#4 = "RENTA Y PATRIM.";
         |HAZ PantaR1;
     |FINSI;

     |SI #11#2 = "R2";
         #11#3 = "R.E.O.";       #11#4 = "RENTA Y PATRIM.";
         |HAZ PantaR2;
     |FINSI;

     |SI #11#2 = "M1";
         #11#3 = "NOMINAS";      #11#4 = "MINUTACION";
         |HAZ PantaM1;
     |FINSI;

     |SI #11#2 = "M2";
         #11#3 = "R.E.O.";       #11#4 = "MINUTACION";
         |HAZ PantaM2;
     |FINSI;

     |SI #11#2 = "I1";
         #11#3 = "CONTABILIDAD"; #11#4 = "SOCIEDADES";
         |HAZ PantaI1;
     |FINSI;

     |SI #11#2 = "C1";
         #11#3 = "AGINOM1";      #11#4 = "AGICONT";
         |HAZ PantaC1;
     |FINSI;

     |SI #11#2 = "E1";
         #11#3 = "AGINOM1";      #11#4 = "R.E.O.";
         |HAZ PantaE1;
     |FINSI;

     |PINTA #11#3;
     |PINTA #11#4;
|FPRC;
